image_width: 640
image_height: 480
camera_name: logitech_c120_left
camera_matrix:
  rows: 3
  cols: 3
  data: [1673.389371187096, 0, 297.4477502123565, 0, 1682.387400671047, 182.9351155423333, 0, 0, 1]
distortion_model: plumb_bob
distortion_coefficients:
  rows: 1
  cols: 5
  data: [-0.05376801129019132, 0.05671416560795069, 0.004938565764661201, -0.01102932389358161, 0]
rectification_matrix:
  rows: 3
  cols: 3
  data: [0.9374941557099447, 0.01439906055412965, -0.3477029983547119, -0.008540429929819335, 0.9997946649202974, 0.01837631773571567, 0.3478962044436704, -0.01425815738686594, 0.937424629440479]
projection_matrix:
  rows: 3
  cols: 4
  data: [2053.844803031805, 0, 864.2293128967285, 0, 0, 2053.844803031805, 159.0881805419922, 0, 0, 0, 1, 0]