image_width: 640
image_height: 480
camera_name: logitech_c120_right
camera_matrix:
  rows: 3
  cols: 3
  data: [1537.969665620786, 0, 260.6379170729538, 0, 1543.97456733837, 142.6463145553247, 0, 0, 1]
distortion_model: plumb_bob
distortion_coefficients:
  rows: 1
  cols: 5
  data: [0.2090719583973755, -0.4034453584998514, 0.002312627452160125, -0.02291457356346411, 0]
rectification_matrix:
  rows: 3
  cols: 3
  data: [0.9390284790723731, 0.009056369584541799, -0.3437200862052931, -0.01484229609202516, 0.9997889259118791, -0.01420598010303583, 0.3435188811954047, 0.01844141518212149, 0.9389646918113258]
projection_matrix:
  rows: 3
  cols: 4
  data: [2053.844803031805, 0, 864.2293128967285, -158.0667067698884, 0, 2053.844803031805, 159.0881805419922, 0, 0, 0, 1, 0]